STATUS=OK
PERIODSAMPLES=800000
CH1TYPE=1
CH1RANGE=12
CH1CONST=1.000000
CH2TYPE=1
CH2RANGE=12
CH2CONST=1.000000
CH3TYPE=1
CH3RANGE=12
CH3CONST=1.000000
CH4TYPE=2
CH4RANGE=15
CH4CONST=1.000000
INTTEMP1=31.7°C
EXTTEMP1=6.0°C
PWR=23.3kV
BATT=13.7V
AKU=84.7%
EXTTEMP2=3.7°C
HUMIDITY1=85.5%
RESULT1=2
RESULT2=33
RESULT3=43
RESUSED2
